header:
  seq: 254
  stamp:
    secs: 1403772919
    nsecs: 589436000
  frame_id: base_link
status:
  status: 0
  service: 1
latitude: 51.765506
longitude: -1.258645
altitude: 66.6427
position_covariance: [3.9561210000000004, 0.0, 0.0, 0.0, 3.9561210000000004, 0.0, 0.0, 0.0, 7.650756]
position_covariance_type: 2
